	name: "All Hallows Eve"
	price: 29000
	unlock: 0
	airbrush: true
	base_color: (0.000000, 0.000000, 0.000000)
	flake_clearcoat_rolloff: 5.000000
	flake_color: (0.212245, 0.274677, 0.346704)
	flake_color_locked: false
	flake_density: 0.600000
	flake_shininess: 30.000000
	flake_uvscale: 20.000000
	flip_color: (0.019382, 0.021219, 0.026245)
	flip_color_locked: false
	flip_strength: 0.930000
	icon: "intnational_lt/paint_hallow_02"
	part_type: "aftermarket"
