	name: "Armor Green"
	price: 2600
	unlock: 5
	base_color: (0.070367, 0.138432, 0.116971)
	mask_b_color: (0.318547, 0.318547, 0.318547)
	mask_g_color: (0.318554, 0.318554, 0.318554)
	mask_r_color: (0.070367, 0.138432, 0.116971)
	part_type: aftermarket
