	name: "@@custom_color@@"
	price: 8000
	unlock: 5
	base_color: (0.072272, 0.072272, 0.072272)
	icon: "color_custom_icon"
	mask_b_color: (0.003677, 0.023153, 0.051269)
	mask_g_color: (0.219526, 0.011612, 0.011612)
	mask_g_locked: false
	mask_r_color: (0.174642, 0.174642, 0.174642)
	mask_r_locked: false
