	name: "True Love"
	price: 27000
	unlock: 0
	airbrush: true
	base_color: (0.138432, 0.242281, 0.346704)
	base_color_locked: false
	color_variant[]: (0.078195, 0.138432, 0.165144)
	color_variant[]: (0.000000, 0.000000, 0.000000)
	color_variant[]: (0.000000, 0.000000, 0.000000)
	color_variant[]: (0.000000, 0.000000, 0.000000)
	color_variant[]: (0.250158, 0.033110, 0.049713)
	color_variant[]: (0.000000, 0.000000, 0.000000)
	color_variant[]: (0.000000, 0.000000, 0.000000)
	color_variant[]: (0.000000, 0.000000, 0.000000)
	flake_clearcoat_rolloff: 5.000000
	flake_color: (0.099908, 0.428690, 0.679542)
	flake_color_locked: false
	flake_density: 0.600000
	flake_shininess: 30.000000
	flake_uvscale: 20.000000
	flip_color: (0.021219, 0.080220, 0.158973)
	flip_color_locked: false
	flip_strength: 0.930000
	flipflake: true
	icon: "paint_tattoo"
	mask_b_color: (0.274600, 0.492700, 0.737900)
	mask_b_locked: false
	mask_g_color: (0.724900, 0.877000, 0.982300)
	mask_g_locked: false
	mask_r_color: (0.947300, 0.838800, 0.467800)
	mask_r_locked: false
	part_type: "aftermarket"
