	name: "Red Freighter"
	price: 27000
	unlock: 0
	airbrush: true
	base_color: (0.371200, 0.000600, 0.000600)
	flake_clearcoat_rolloff: 5.000000
	flake_color: (0.558300, 0.084300, 0.084300)
	flake_density: 0.600000
	flake_shininess: 30.000000
	flake_uvscale: 20.000000
	flip_color: (0.030700, 0.000600, 0.000600)
	flip_strength: 0.930000
	flipflake: true
	icon: "paint_christmas_red"
