	name: "Santa´s Sled"
	price: 27000
	unlock: 0
	airbrush: true
	base_color: (0.242200, 0.341900, 0.479300)
	flake_clearcoat_rolloff: 5.000000
	flake_color: (0.558346, 0.518963, 0.377880)
	flake_density: 0.600000
	flake_shininess: 30.000000
	flake_uvscale: 20.000000
	flip_color: (0.259231, 0.352805, 0.479304)
	flip_strength: 0.930000
	flipflake: true
	icon: "paint_christmas_bob"
	part_type: "aftermarket"
