	name: "Deeply Frozen"
	price: 27000
	unlock: 0
	airbrush: true
	base_color: (0.144128, 0.230725, 0.386429)
	flake_clearcoat_rolloff: 5.000000
	flake_color: (0.003035, 0.022178, 0.048172)
	flake_density: 0.600000
	flake_shininess: 30.000000
	flake_uvscale: 20.000000
	flip_color: (0.003035, 0.022178, 0.048172)
	flip_strength: 0.930000
	flipflake: true
	icon: "paint_christmas_frozen"
	part_type: "aftermarket"
