	name: "Santa´s Sled"
	price: 27000
	unlock: 0
	airbrush: true
	base_color: (0.242281, 0.341896, 0.479298)
	flake_clearcoat_rolloff: 5.000000
	flake_color: (0.863157, 0.863157, 0.863157)
	flake_density: 0.600000
	flake_shininess: 30.000000
	flake_uvscale: 20.000000
	flip_color: (0.686657, 0.686657, 0.590593)
	flip_strength: 0.930000
	flipflake: true
	icon: "paint_christmas_bob"
