	name: "Deeply Frozen"
	price: 27000
	unlock: 0
	airbrush: true
	base_color: (0.147000, 0.234500, 0.391500)
	flake_clearcoat_rolloff: 5.000000
	flake_color: (0.003300, 0.023100, 0.049700)
	flake_density: 0.600000
	flake_shininess: 30.000000
	flake_uvscale: 20.000000
	flip_color: (0.003300, 0.023100, 0.049700)
	flip_strength: 0.930000
	flipflake: true
	icon: "paint_christmas_frozen"
	part_type: "aftermarket"
