	name: "Red Freighter"
	price: 27000
	unlock: 0
	airbrush: true
	base_color: (0.371218, 0.000607, 0.000607)
	flake_clearcoat_rolloff: 5.000000
	flake_color: (0.558340, 0.084376, 0.084376)
	flake_density: 0.600000
	flake_shininess: 30.000000
	flake_uvscale: 20.000000
	flip_color: (0.030718, 0.000607, 0.000607)
	flip_strength: 0.930000
	flipflake: true
	icon: "paint_christmas_red"
