	name: "X for Xmas"
	price: 25000
	unlock: 0
	airbrush: true
	base_color: (0.991068, 0.533276, 0.076185)
	flake_clearcoat_rolloff: 5.000000
	flake_color: (0.072272, 0.048172, 0.048172)
	flake_density: 0.600000
	flake_shininess: 30.000000
	flake_uvscale: 20.000000
	flip_color: (0.346704, 0.162029, 0.000305)
	flip_strength: 0.930000
	flipflake: true
	icon: "paint_christmas_x"
