	name: "Manhattan Skyline"
	price: 33000
	unlock: 23
	airbrush: true
	base_color: (0.000000, 0.162029, 0.386429)
	flake_clearcoat_rolloff: 5.500000
	flake_color: (0.617180, 0.603801, 0.386429)
	flake_density: 0.600000
	flake_shininess: 30.000000
	flake_uvscale: 20.000000
	flip_strength: 0.930000
	flipflake: true
	icon: "international_9900i/i99_cty"
	part_type: aftermarket
