	name: "Ad Astra"
	price: 28000
	unlock: 0
	airbrush: true
	base_color: (0.010330, 0.010963, 0.022178)
	flake_clearcoat_rolloff: 5.000000
	flake_color: (0.018504, 0.064803, 0.171454)
	flake_density: 0.600000
	flake_shininess: 30.000000
	flake_uvscale: 20.000000
	flip_color: (0.000000, 0.009724, 0.095316)
	flip_strength: 0.930000
	flipflake: true
	icon: "ml_aa"
	part_type: aftermarket
