	name: "Goodyear Origins"
	price: 26500
	unlock: 0
	airbrush: true
	base_color: (0.001214, 0.002733, 0.061246)
	flake_clearcoat_rolloff: 5.000000
	flake_color: (0.520996, 0.658348, 1.000000)
	flake_density: 0.600000
	flake_shininess: 30.000000
	flake_uvscale: 20.000000
	flip_color: (0.000000, 0.015996, 0.088656)
	flip_strength: 0.930000
	flipflake: true
	icon: "good1"
	part_type: "licensed"
