	name: "KW 100th Anniversary"
	price: 27000
	unlock: 0
	airbrush: true
	base_color: (0.005607, 0.005607, 0.010963)
	flake_clearcoat_rolloff: 0.000000
	flake_color: (0.093059, 0.022178, 0.022178)
	flake_density: 2.000000
	flake_shininess: 0.000000
	flake_uvscale: 23.833000
	flip_color: (0.027321, 0.027321, 0.043741)
	flip_strength: 2.000000
	flipflake: true
	icon: "truck/kenworth_w900/accessory/paintjobs/paint_kwann"
	part_type: "factory"
