	name: "Sea Blue"
	price: 2600
	unlock: 5
	base_color: (0.010963, 0.076185, 0.254136)
	mask_b_color: (0.318554, 0.318554, 0.318554)
	mask_g_color: (0.318554, 0.318554, 0.318554)
	mask_r_color: (0.010963, 0.076185, 0.254136)
