	name: "Crystal White"
	price: 2600
	unlock: 5
	mask_b_color: (0.010238, 0.171051, 0.617185)
	mask_g_color: (1.000000, 1.000000, 1.000000)
	mask_r_color: (1.000000, 1.000000, 1.000000)
	part_type: aftermarket
