	name: "Bravery Red"
	price: 2600
	unlock: 5
	base_color: (0.396755, 0.025187, 0.024162)
	mask_b_color: (0.072272, 0.072272, 0.072272)
	mask_g_color: (0.396755, 0.025187, 0.024162)
	mask_r_color: (0.396755, 0.025187, 0.024162)
