	name: "Wings of Hope"
	price: 25000
	unlock: 0
	base_color: (0.057805, 0.000000, 0.015212)
	base_color_locked: false
	flake_clearcoat_rolloff: 5.500000
	flake_density: 6.000000
	flake_shininess: 30.000000
	flake_uvscale: 20.000000
	flip_strength: 0.930000
	icon: "ribbon_1"
	mask_b_color: (0.545724, 0.030718, 0.246186)
	mask_g_color: (0.417885, 0.266356, 0.111932)
	mask_g_locked: false
	part_type: "aftermarket"
