	name: "Dragon Fire"
	price: 29000
	unlock: 0
	airbrush: true
	base_color: (0.000000, 0.000000, 0.000000)
	flake_clearcoat_rolloff: 5.000000
	flake_color: (0.871335, 0.000000, 0.000000)
	flake_color_locked: false
	flake_density: 0.600000
	flake_shininess: 30.000000
	flake_uvscale: 20.000000
	flip_color: (0.000305, 0.000305, 0.000305)
	flip_color_locked: false
	flip_strength: 0.930000
	icon: "freightliner_cascadia2019/paint_dragon_01"
	part_type: "aftermarket"
