	name: "Stars and Stripes"
	price: 30000
	unlock: 23
	airbrush: true
	base_color: (0.006514, 0.016811, 0.070367)
	flake_clearcoat_rolloff: 6.500000
	flake_color: (0.000000, 0.000000, 0.000000)
	flake_color_locked: false
	flake_density: 0.100000
	flake_shininess: 30.000000
	flake_uvscale: 25.000000
	flip_color: (0.000000, 0.000000, 0.000000)
	flip_color_locked: false
	flip_strength: 0.930000
	icon: "mack_pinnacle/pin_usa1"
	part_type: "aftermarket"
