	name: " Beyond the Rim"
	price: 28000
	unlock: 0
	airbrush: true
	base_color: (0.000305, 0.010963, 0.039546)
	flake_clearcoat_rolloff: 5.500000
	flake_color: (0.027320, 0.171299, 1.000000)
	flake_density: 0.600000
	flake_shininess: 30.000000
	flake_uvscale: 20.000000
	flip_color: (0.000000, 0.015680, 0.088653)
	flip_strength: 0.930000
	flipflake: true
	icon: "ml_br"
	part_type: "aftermarket"
