	name: "Bright Orange Metallic"
	price: 6900
	unlock: 0
	base_color: (0.806922, 0.107023, 0.006514)
	flake_clearcoat_rolloff: 6.500000
	flake_color: (0.745375, 0.226966, 0.012983)
	flake_density: 0.100000
	flake_shininess: 30.000000
	flake_uvscale: 25.000000
	flip_color: (0.258183, 0.025187, 0.003035)
	flip_strength: 0.930000
	flipflake: true
	icon: "international_lt/color_brorm"
	part_type: "factory"
