	name: "Traton"
	price: 4000
	unlock: 0
	airbrush: true
	base_color: (0.623960, 0.010963, 0.006514)
	flake_clearcoat_rolloff: 8.000000
	flake_color: (0.533276, 0.027321, 0.010330)
	flake_density: 0.000000
	flake_shininess: 19.799000
	flake_uvscale: 0.014000
	flip_color: (0.356400, 0.040921, 0.048172)
	flip_strength: 0.827000
	flipflake: true
	icon: "international_lt/trat"
	part_type: "licensed"
