	name: "Michelin Bibendum"
	price: 26500
	unlock: 0
	airbrush: true
	alternate_uvset: true
	base_color: (0.020292, 0.080220, 0.327778)
	flake_clearcoat_rolloff: 5.000000
	flake_color: (0.003677, 0.187821, 0.423247)
	flake_density: 0.600000
	flake_shininess: 30.000000
	flake_uvscale: 20.000000
	flip_color: (0.002126, 0.008023, 0.031896)
	flip_strength: 0.930000
	icon: "paintjobs/bibendum"
	part_type: "licensed"
