	name: "Game Changer"
	price: 25000
	unlock: 0
	airbrush: true
	base_color: (0.010330, 0.052867, 0.147039)
	flake_clearcoat_rolloff: 3.100000
	flake_color: (0.015996, 0.520996, 0.708376)
	flake_density: 0.600000
	flake_shininess: 35.000000
	flake_uvscale: 28.000000
	flip_color: (0.002428, 0.010330, 0.076185)
	flip_strength: 0.690000
	flipflake: true
	icon: "volvo_vnl2018/vnl_25anniv"
	part_type: "licensed"
