	name: "Bravery Red"
	price: 2600
	unlock: 5
	airbrush: true
	base_color: (0.791271, 0.013461, 0.013461)
