	name: "Armor Green"
	price: 2600
	unlock: 5
	airbrush: true
	base_color: (0.072272, 0.144128, 0.116971)
