	name: "@@custom_color@@"
	price: 8000
	unlock: 5
	icon: "color_custom_icon"
	mask_b_color: (1.000000, 1.000000, 1.000000)
	mask_g_color: (0.072272, 0.072272, 0.072272)
	mask_r_color: (1.000000, 1.000000, 1.000000)
	mask_r_locked: false
