	name: "Crystal White"
	price: 2600
	unlock: 5
	airbrush: true
	base_color: (0.973412, 0.973412, 0.973412)
