	steam_inventory_id: 100013
	name: "Edge Tracer"
	price: 12000
	unlock: 0
	base_color: (0.356407, 0.356407, 0.356407)
	icon: "paint_xe2"
	mask_b_color: (0.291771, 0.000000, 0.000000)
	mask_b_locked: false
	mask_g_color: (0.539455, 0.439657, 0.309469)
	mask_r_color: (0.212245, 0.174647, 0.124782)
