	name: "Antracite"
	price: 2900
	unlock: 0
	base_color: (0.086509, 0.084376, 0.084376)
	flake_clearcoat_rolloff: 5.000000
	flake_color: (0.266356, 0.254136, 0.230725)
	flake_density: 0.600000
	flake_shininess: 30.000000
	flake_uvscale: 20.000000
	flip_color: (0.022178, 0.022178, 0.022178)
	flip_strength: 0.930000
	flipflake: true
	part_type: "factory"
	stock: true
