	name: "Phoenix Rising"
	price: 27000
	unlock: 0
	airbrush: true
	base_color: (0.049713, 0.003677, 0.002733)
	flake_clearcoat_rolloff: 5.000000
	flake_color: (0.042310, 0.003026, 0.001037)
	flake_density: 0.600000
	flake_shininess: 30.000000
	flake_uvscale: 20.000000
	flip_color: (0.623965, 0.427893, 0.404416)
	flip_strength: 0.930000
	flipflake: true
	icon: "westernstar_57x/ws57x"
	part_type: "licensed"
