	name: "X for Xmas"
	price: 25000
	unlock: 0
	airbrush: true
	base_color: (0.982251, 0.527091, 0.074221)
	flake_clearcoat_rolloff: 5.000000
	flake_color: (0.070367, 0.046671, 0.046671)
	flake_density: 0.600000
	flake_shininess: 30.000000
	flake_uvscale: 20.000000
	flip_color: (0.341896, 0.158973, 0.000000)
	flip_strength: 0.930000
	flipflake: true
	icon: "paint_christmas_x"
	part_type: "aftermarket"
