	name: "Tropicana Haze"
	price: 29000
	unlock: 0
	airbrush: true
	base_color: (0.008648, 0.005600, 0.019382)
	flake_clearcoat_rolloff: 2.400000
	flake_color: (0.058173, 0.000914, 1.000000)
	flip_color: (0.234558, 0.000161, 0.154937)
	flipflake: true
	icon: "kenworth_t680_2022/neo_a"
	mask_b_color: (1.000000, 1.000000, 1.000000)
	mask_g_color: (1.000000, 1.000000, 1.000000)
	mask_r_color: (1.000000, 1.000000, 1.000000)
	part_type: "aftermarket"
