	name: "Wings of Hope"
	price: 18000
	unlock: 0
	base_color: (0.057805, 0.000000, 0.015212)
	base_color_locked: false
	flake_clearcoat_rolloff: 2.400000
	flip_strength: 1.000000
	icon: "ribbon_1"
	mask_b_color: (0.545724, 0.030718, 0.246186)
	mask_g_color: (0.417885, 0.266356, 0.111932)
	mask_g_locked: false
	mask_r_color: (0.896269, 0.434132, 0.028430)
