	name: "Santa Driver"
	price: 29000
	unlock: 0
	airbrush: true
	base_color: (0.020292, 0.002126, 0.102242)
	flake_clearcoat_rolloff: 5.000000
	flake_color: (0.396755, 0.434132, 1.000000)
	flake_density: 0.600000
	flake_shininess: 30.000000
	flake_uvscale: 20.000000
	flip_color: (0.001519, 0.000000, 0.022178)
	flip_strength: 0.930000
	flipflake: true
	icon: "paint_santa_01"
	part_type: "aftermarket"
