	name: "Santa´s Sled"
	price: 27000
	unlock: 0
	airbrush: true
	base_color: (0.242200, 0.341900, 0.479300)
	flake_clearcoat_rolloff: 5.000000
	flake_color: (0.863100, 0.863100, 0.863100)
	flake_density: 0.600000
	flake_shininess: 30.000000
	flake_uvscale: 20.000000
	flip_color: (0.685300, 0.685300, 0.590600)
	flip_strength: 0.930000
	flipflake: true
	icon: "paint_christmas_bob"
