	name: "X for Xmas"
	price: 25000
	unlock: 0
	airbrush: true
	base_color: (0.991100, 0.533200, 0.076100)
	flake_clearcoat_rolloff: 5.000000
	flake_color: (0.072200, 0.048100, 0.048100)
	flake_density: 0.600000
	flake_shininess: 30.000000
	flake_uvscale: 20.000000
	flip_color: (0.346700, 0.162000, 0.000300)
	flip_strength: 0.930000
	flipflake: true
	icon: "paint_christmas_x"
