	name: "Goodyear High Line"
	price: 20000
	unlock: 0
	airbrush: true
	base_color: (0.000000, 0.003035, 0.095316)
	icon: "goo"
	mask_b_color: (0.010963, 0.024162, 0.088656)
	mask_g_color: (0.162029, 0.000000, 0.000000)
	mask_r_color: (0.391552, 0.456389, 0.701074)
	part_type: "licensed"
