	name: "Groovy Gradients"
	price: 24000
	unlock: 0
	airbrush: true
	base_color: (0.070367, 0.038210, 0.097587)
	flake_clearcoat_rolloff: 5.000000
	flake_color: (1.000000, 0.439664, 0.543149)
	flake_color_locked: false
	flake_density: 0.600000
	flake_shininess: 30.000000
	flake_uvscale: 20.000000
	flip_color: (0.000000, 0.001214, 0.028430)
	flip_strength: 0.930000
	flipflake: true
	icon: "intnational_lonestar/neo_1"
