	steam_inventory_id: 100013
	name: "Edge Tracer"
	price: 12000
	unlock: 0
	base_color: (0.291771, 0.000000, 0.000000)
	base_color_locked: false
	flake_clearcoat_rolloff: 2.400000
	flip_strength: 1.000000
	icon: "paint_xe2"
	part_type: aftermarket
	mask_b_color: (0.262235, 0.008023, 0.019382)
	mask_g_color: (0.637597, 0.095316, 0.031896)
	mask_r_color: (0.212245, 0.174647, 0.124782)
	mask_r_locked: false
