	name: "Deeply Frozen"
	price: 29000
	unlock: 0
	airbrush: true
	base_color: (0.000000, 0.003035, 0.004391)
	flake_clearcoat_rolloff: 5.000000
	flake_color: (0.003443, 0.009080, 0.045185)
	flake_density: 0.600000
	flake_shininess: 30.000000
	flake_uvscale: 20.000000
	flip_color: (0.024879, 0.303555, 0.571130)
	flip_strength: 0.930000
	icon: "paint_christmas_frozen"
	part_type: "aftermarket"
