	name: "Blue Rhapsody"
	price: 24000
	unlock: 0
	airbrush: true
	base_color: (0.439664, 0.309161, 0.142715)
	flake_clearcoat_rolloff: 5.000000
	flake_color: (0.015637, 0.030945, 0.111929)
	flake_color_locked: false
	flake_density: 0.600000
	flake_shininess: 30.000000
	flake_uvscale: 20.000000
	flip_color: (0.068563, 0.049362, 0.174642)
	flip_color_locked: false
	flip_strength: 0.930000
	icon: "stm8_ico"
	part_type: "aftermarket"
