	name: "White-tailed Watch"
	price: 26000
	unlock: 0
	airbrush: true
	alternate_uvset: true
	base_color: (0.545724, 0.514894, 0.456389)
	flake_clearcoat_rolloff: 5.500000
	flake_color: (0.318547, 0.473531, 0.745375)
	flake_density: 0.600000
	flake_shininess: 30.000000
	flake_uvscale: 20.000000
	flip_color: (0.048172, 0.063017, 0.090850)
	flip_strength: 0.930000
	flipflake: true
	icon: "ark_deer_icon"
	part_type: "aftermarket"
	steam_inventory_id: 100109
