	name: "The Rig of Love"
	price: 29000
	unlock: 0
	airbrush: true
	base_color: (0.000000, 0.000000, 0.000000)
	flake_clearcoat_rolloff: 5.000000
	flake_color: (0.000000, 0.000000, 0.000000)
	flake_density: 0.600000
	flake_shininess: 30.000000
	flake_uvscale: 20.000000
	flip_color: (0.000000, 0.000000, 0.000000)
	flip_strength: 0.930000
	flipflake: true
	icon: "paint_amor"
	part_type: aftermarket
