	name: "Antracite"
	price: 4500
	unlock: 0
	base_color: (0.114442, 0.113678, 0.105293)
	flake_clearcoat_rolloff: 5.000000
	flake_color: (0.483337, 0.806924, 0.776574)
	flake_density: 0.600000
	flake_shininess: 30.000000
	flake_uvscale: 20.000000
	flip_color: (0.014567, 0.015211, 0.022177)
	flip_strength: 0.930000
	flipflake: true
	part_type: "factory"
	stock: true
