	name: "Century Platinum Metallic"
	price: 4500
	unlock: 0
	base_color: (0.647848, 0.653575, 0.665392)
	flake_clearcoat_rolloff: 5.000000
	flake_color: (0.620859, 0.791271, 0.776275)
	flake_density: 0.600000
	flake_shininess: 30.000000
	flake_uvscale: 20.000000
	flip_color: (0.093004, 0.115208, 0.149955)
	flip_strength: 0.930000
	flipflake: true
	part_type: "factory"
	stock: true
