	name: "Century Red Metallic"
	price: 4500
	unlock: 0
	base_color: (0.238383, 0.014444, 0.014444)
	flake_clearcoat_rolloff: 5.000000
	flake_color: (0.623960, 0.045186, 0.045186)
	flake_density: 0.600000
	flake_shininess: 30.000000
	flake_uvscale: 20.000000
	flip_color: (0.361288, 0.006049, 0.021219)
	flip_strength: 0.930000
	flipflake: true
	part_type: "factory"
	stock: true
