	name: "Steel Blue"
	price: 4500
	unlock: 0
	base_color: (0.058769, 0.111349, 0.201550)
	flake_clearcoat_rolloff: 5.000000
	flake_color: (0.155926, 0.412543, 0.737911)
	flake_density: 0.600000
	flake_shininess: 30.000000
	flake_uvscale: 20.000000
	flip_color: (0.003677, 0.015209, 0.026241)
	flip_strength: 0.930000
	flipflake: true
	part_type: "factory"
	stock: true
