	name: "Sea Blue "
	price: 4500
	unlock: 0
	base_color: (0.001020, 0.059878, 0.147034)
	flake_clearcoat_rolloff: 5.000000
	flake_color: (0.506970, 0.896271, 0.838519)
	flake_density: 0.600000
	flake_shininess: 30.000000
	flake_uvscale: 20.000000
	flip_color: (0.001807, 0.009323, 0.054479)
	flip_strength: 0.930000
	flipflake: true
	part_type: "factory"
	stock: true
