	name: "Midnight Black"
	price: 4500
	unlock: 0
	base_color: (0.001238, 0.000182, 0.005607)
	flake_clearcoat_rolloff: 5.000000
	flake_color: (0.717841, 0.695785, 0.896271)
	flake_density: 0.600000
	flake_shininess: 30.000000
	flake_uvscale: 20.000000
	flip_color: (0.012289, 0.012055, 0.012135)
	flip_strength: 0.930000
	flipflake: true
	part_type: "factory"
	stock: true
