	name: "Century Black Red Metallic"
	price: 4500
	unlock: 0
	base_color: (0.000000, 0.000000, 0.000000)
	flake_clearcoat_rolloff: 5.000000
	flake_color: (0.168269, 0.000000, 0.010963)
	flake_density: 0.600000
	flake_shininess: 30.000000
	flake_uvscale: 20.000000
	flip_color: (0.005182, 0.000000, 0.001214)
	flip_strength: 0.930000
	flipflake: true
	part_type: "factory"
	stock: true
