	name: "Racing Green "
	price: 4500
	unlock: 0
	base_color: (0.000000, 0.104626, 0.052867)
	flake_clearcoat_rolloff: 5.000000
	flake_color: (0.158973, 0.623960, 0.076185)
	flake_density: 0.600000
	flake_shininess: 30.000000
	flake_uvscale: 20.000000
	flip_color: (0.006514, 0.114445, 0.031896)
	flip_strength: 0.930000
	flipflake: true
	part_type: "factory"
	stock: true
