	name: "Century Gold Metallic"
	price: 4500
	unlock: 0
	base_color: (0.514894, 0.473531, 0.300544)
	flake_clearcoat_rolloff: 5.000000
	flake_color: (0.775792, 0.617180, 0.391552)
	flake_density: 0.600000
	flake_shininess: 30.000000
	flake_uvscale: 20.000000
	flip_color: (0.116971, 0.082291, 0.038210)
	flip_strength: 0.930000
	flipflake: true
	part_type: "factory"
	stock: true
