	name: "Maroon Metallic"
	price: 4500
	unlock: 0
	base_color: (0.171448, 0.000000, 0.006506)
	flake_clearcoat_rolloff: 5.000000
	flake_color: (0.838770, 0.423211, 0.497678)
	flake_density: 0.600000
	flake_shininess: 30.000000
	flake_uvscale: 20.000000
	flip_color: (0.078193, 0.000000, 0.006324)
	flip_strength: 0.930000
	flipflake: true
	part_type: "factory"
	stock: true
