	name: "Orange Brown"
	price: 4500
	unlock: 0
	base_color: (0.226973, 0.037051, 0.002341)
	flake_clearcoat_rolloff: 5.000000
	flake_color: (0.846875, 0.488761, 0.184352)
	flake_density: 0.600000
	flake_shininess: 30.000000
	flake_uvscale: 20.000000
	flip_color: (0.054479, 0.001807, 0.001807)
	flip_strength: 0.930000
	flipflake: true
	part_type: "factory"
	stock: true
